21447363
27260086
813286
17919972
79293791
15846407
10228272
14230524
26565946
783214
155659213
16409683
25365536
428333
23375688
34507480
15485441
21111883
44409004
180505807
807095
23083404
50393960
759251
27195114
25073877
268414482
23151437
26257166
5402612
2557521
18839785
100220864
105119490
116362700
158487331
20322929
181561712
28706024
145125358
101311381
84279963
158314798
19923144
11348282
14872237
115485051
132385468
32959253
19426551
157140968
176566242
96951800
23617610
18863815
236699098
119509520
23976386
5988062
88856792
35787166
742143
85452649
822215679726100480
471741741
14920785
31348594
17471979
19058681
20536157
18681139
1652541
40255499
219255067
133880286
135421739
90836187
1339835893
3004231
43152482
71201743
533085085
627673190
35936474
23573083
242245578
52551600
33884545
14502789
224223563
24929621
14213711
1367531
29479000
300392950
285332860
19895282
2367911
822215673812119553
343627165
16303106
69183155
3108351
10671602
14293310
24886570
15693493
48332360
20609518
95023423
18091904
525264466
344634424
740336334
78010944
91478624
36152770
280701704
136361303
148711787
558797310
136002930
218437274
20015311
183230911
5520952
18220175
40908929
5536782
297169759
19562228
278235826
373471064
405728790
17915334
24742040
500704345
60327493
24966423
405427035
30973
57928790
35765232
379408088
23690344
30364057
112764971
62513246
151123001
92724677
18297088
2883841
28785486
56783491
18219976
51241574
44196397
16548023
8161232
39538010
18625669
140070953
16193578
33873560
264107729
2467791
34613288
68034431
51376979
14511951
36483808
134758540
15492359
487118986
57261519
14075928
196795202
254274083
42562446
474886468
94163409
23544596
37034483
97865628
50037051
22324918
140051054
141664648
68977380
789856765
243711009
18228898
27466653
26053643
66591836
30040682
121044171
27042513
76294950
816653
215952307
22910295
43192807
380399508
1344951
8802752
7517222
398306220
46527223
14159148
57099808
186712788
407054921
972651
18222378
4101221
74580436
33801019
1492538024
17074714
23563916
59156773
126676337
212746249
403245020
23561980
219617448
109702885
23613479
122969292
104249727
154280902
28897926
24702915
66959303
14824849
47786101
29758446
612473
19697415
344801362
95602761
17549677
19725644
55033131
519211628
44335525
637313893
155151279
403246803
618420295
55507370
401866664
15648827
265982289
17093617
37718134
1337785291
16129920
368157378
19583545
366987179
818876014390603776
1330457336
94900238
14677919
17715048
132774626
79650494
246225682
240649814
108033583
452155423
25589776
79986578
259925559
236636515
95465386
153694176
117778179
932429090
1244602586
17813487
18479513
5162861
79708561
19877186
110827653
28631535
25049177
63695781
520653311
311932430
36412963
216776631
180949358
16228398
42519612
24744541
335141638
322606204
77888423
153436029
403255314
121046433
23186079
76647722
65186457
5392522
35013719
197807757
415859364
33995409
47491330
22733444
39240673
2097571
301120393
23065354
15016209
265902729
20565284
57998991
65659343
130104041
18676177
75974281
64038747
114446939
29756339
2893511188
56304605
20346956
23343960
45266183
16721910
39364684
1640169925
51263592
158414847
48177728
87818409
14128609
20177423
14922225
275558381
124172948
17019152
59949396
16312576
53853197
262794965
40355149
288333760
542936786
2897441
580097412
44084633
462004145
30278532
32751684
443215941
65184105
439125710
27725199
471287735
555928038
41043596
310072711
20567939
19929890
25421094
169279319
1598644159
30631061
7996082
33933259
150566311
220557145
134234000
255388236
18927441
140750163
103550181
42606652
237634998
14353392
256930894
14780915
180463340
1964571728
45461766
352145373
1447949844
219049532
6446742
296663621
9633802
317034396
122453931
15012486
216299334
15016249
36327407
21787625
15066760
275546719
14594813
78941611
14222536
22677822
355708717
233430873
20545055
20837438
59900378
207809313
50004938
11525172
40059553
568825492
4898091
619293948
171682730
39203045
177547780
68497896
9317502
5695632
36184220
29442313
19373710
110365072
321445166
155705264
9604032
10810102
160308387
134657984
16264006
31080039
108568373
24705126
63796949
14727959
67418441
110681593
98388319
355307031
52422878
311940255
120178497
312230865
15872418
131574396
152251488
239760107
500194345
160926944
50648847
24963961
81751472
14117843
369583954
54341363
18055737
186386857
142519598
19330043
42434332
144376833
238319766
44627459
126400767
252153070
487736815
15687962
104288093
14631115
45709328
39453212
141817380
27909036
358814014
145499533
20479813
92487173
9695312
139399835
378632690
214942749
386420143
181572333
330446733
105297123
154140901
66083959
34197952
238475531
366592246
107120856
230186518
89423854
14173315
40101400
220332457
15234657
1409798257
84358766
64839766
17284624
138814032
103821088
266336410
74518740
307794190
38164846
149760844
272613386
92945681
16589206
14800270
16542390
185142711
139539038
199943245
216430965
25110374
85772748
1401587503
40981798
115622213
67995848
253508662
316053407
50515656
86119466
17681513
242101122
251922978
51581070
45112524
61097151
66369181
163730859
37457377
20120818
950165300
55520719
20710809
138372303
154605679
174144887
6519522
188103460
30495613
890891
56521114
96123433
2803191
262359713
21586418
205302299
18936161
43003845
6015212
18548136
308297673
15095537
351528904
60937837
61168062
72064417
16331010
18665800
36803580
164963639
1196254680
17485551
16913418
213969309
15809249
66699013
122556667
15279429
99448420
14573900
230377004
9624742
14790966
74594552
834702151
31685653
35982046
25087685
59591856
64444249
57022252
96083073
94360081
43042353
72644483
95955871
14934818
66339576
46832898
255949459
29730065
884378714
1086485478
416983726
42916821
16676396
953278568
500711588
65473559
166747718
461922813
23832022
24967668
62900439
220228167
20600456
15819208
19637934
740216334
1638231860
1394399438
60576219
41156599
17351972
309366491
75916180
97232128
485207048
19897138
828742454
25093616
1283561876
25992212
64477046
345811633
38871237
15007299
334865866
5225991
954590804
28201743
26270913
33923443
18953259
89006817
14834302
872374136
789605024
44728980
52544275
171574926
91845185
24807616
4970411
42606634
34713362
139162440
818910970567344128
65642163
398593054
596025144
46769281
35856249
248900032
28076276
282705059
127245578
19777398
102482331
171840420
1041346340
213539531
383112039
303862998
131948686
96879107
175824869
15473958
701177444
14939981
147305691
6509832
22650211
13201312
133945128
40519997
453507741
435299501
38403110
2233154425
73301369
25319414
27673684
91408245
54610518
149726145
711694309
19679611
2156278138
452830010
14260960
327722701
713993413
989429790
256881576
20106852
24190981
198975780
15754281
19362299
4573405572
885487044243238912
424241159
843112550
1264788474
2884771
181300983
1026332905
207997374
63253045
47285504
284441324
158128894
408177579
150003563
9300262
56312411
78021221
15808765
252992709
70009161
26642006
122211977
2785480981
17220934
5120691
19784831
363972381
8824902
1088207396
71516564
317337788
110213431
136627335
145459615
434071161
16664681
385291247
35695228
105296218
62917505
14256152
18949452
432983617
61933836
7111412
15745368
479809444
17243213
5741722
602317143
66714703
144712423
970207298
23719107
168683422
82119937
44791521
259758878
136932734
3171712086
18935802
18916432
200267797
404063624
41364508
41634520
393456494
391115625
17446621
8105922
60613480
1917731
41221076
21774892
15448383
798699296
40924038
38647512
448732241
135147668
16807528
237845487
1140341359
169740780
410764075
15651878
309885449
76947892
27860681
231579149
19426729
551275401
19748674
2330330082
410409666
384951307
128479879
16017475
229144847
57097104
68210284
47612389
2420931980
204832963
123417995
587759575
17174309
15748165
141633175
73593143
269046025
77054564
19212009
145107843
18734310
16973333
13850422
152325528
2735591
111688862
56443153
55105249
240714255
17230018
27776098
259435698
320297405
30602016
18132032
27022925
8163442
381184156
343547084
16343974
1153045459
14361155
94816809
103012173
53297035
130613344
180503626
1463880866
96829836
92717138
17087270
88749392
15853668
209003577
15976697
21035409
19802879
32128600
1187647735
20054788
141161453
86925202
190171522
20562637
270983744
8963722
954995377
225344708
243368411
61156375
581301629
128023009
50323173
53778621
18396070
2384071
334742763
114685387
39797433
114035804
11518842
17525171
130151627
144742593
259683667
227121370
234053160
102601082
304679484
75883996
18622869
318650539
17878322
52339151
2465436362
393695512
757303975
36746176
28588050
15573174
374209360
523926217
586
256495314
2836421
145239732
238763290
1877831
4575856758
18244358
148496087
18812301
23818581
15292534
2201635304
36670025
522704732
18915240
525312787
296528940
1542533869
16184358
122482029
1349082427
43403778
2425231
14740219
28370738
17710740
1520006918
3459051
23482952
248725806
1056850669
325451111
135264156
49658852
13298072
32469566
21619519
23089228
207923746
35785401
53120768
2574072036
204033649
47409855
18734884
50769180
471672239
45564482
56650317
227921622
28406270
886426412
145992645
155280601
17409452
786958314
1604107964
297164177
240734425
543703080
333925878
73402979
466645191
2223592103
62432717
318474243
245687754
259464217
1324334436
220742208
54973156
17565514
2255036665
14629315
471010707
2477802067
490178729
84195118
58243368
78723428
47964412
206500951
82717109
279189207
35762475
1372840387
30513101
18091004
152778479
480028202
22084427
312169738
244296542
23737582
369651780
2205618662
261186956
16672159
26553086
255747911
142746796
746935735
68514004
191828188
23175826
2830051135
132312811
140048972
39349894
15671604
577459091
322951176
248951046
22185437
1027350758
37312877
16403943
97082147
546261888
59094592
64565898
37181562
51658330
296612629
367755229
16824090
51124892
124450567
14529929
334752396
147589125
79939248
472967330
164213375
4207961
557362056
2357600840
871686942
563230603
446020162
91969277
150896916
242946558
19564719
13049362
15891449
76779177
5763262
224176099
13393052
20245775
317114365
204372958
168572889
39822897
37896651
485854360
156247074
307106191
86141342
15764644
819867930
2177420990
17137628
173727516
2576238121
380648579
359099321
147558951
15317676
39488770
354508293
63751487
368703433
241264057
139823781
533573263
296723507
523512145
59669463
30282704
14348594
1191444390
22059388
818347754
207976895
2900426395
51008528
286742737
17076218
18511475
132493630
66515223
16826656
323634172
2193607094
759421234375331840
68036460
374170012
102355805
470072149
1320350810
70689901
8775672
21056862
588730194
341319177
1087492124
377723724
141864252
46116615
420503585
214906550
620398542
16012783
557379987
292097834
918346674
730875392
36375662
2587240482
183253150
137957360
15515919
30417501
17292143
2542348724
110895343
99458922
216531294
1681431577
25203361
1430793200
3065976851
119573510
77103484
2655830472
4532891
373410448
488512845
26729931
130617778
335534204
269476699
66404642
189652312
236466533
53678101
17364412
122392884
15736190
21094888
505196587
771606164
159512330
508662899
557543336
82789484
198002829
2805358944
99943864
549510165
2625176466
380369476
1649633971
18676369
195508960
6351572
701725963
431922694
330952612
1317076194
20431187
17732153
2501274093
28985686
171165627
15513604
183749519
22127823
1459223742
167555974
137779150
842267617
1697531264
1020058453
227837742
786796010
26003792
250269492
322744081
178045174
568871711
44606764
120835612
67530129
22205952
197001564
14982804
552011578
171299971
19017675
337783129
536649400
50061806
14808309
955885435
294198566
165511377
21483809
135953666
184647530
33583496
178646697
96059519
57084769
241544156
13929092
381648806
173676124
402863857
21217034
29844055
827516286
40837929
142977623
248627231
920488039
1215711409
24036264
19063323
29417304
61484151
395149823
23405846
38495835
62030459
807013658
36751573
25545388
958156806
114354410
375266631
17137891
18121619
14114420
140195719
583012000
142001958
158284325
278662460
18481113
150397339
2323945699
433804134
212560938
191985864
3296275677
58219570
3022742498
165796189
488908367
113712551
24200281
150725695
704176766
27825390
277030839
229228300
651583
65240091
14691200
19853312
37982492
1118127355
11856342
99596811
7214972
144164028
2686770528
14401698
14955353
580223849
2624520023
703561088
28265228
39860984
586189030
1078287655
46143892
2313227480
14620190
2478045313
18353813
22637974
29110681
94422249
12266442
801237715
124020339
35706371
138708473
213883469
1630896181
22522178
236549282
881356148
39753512
873115441303924736
512497552
1092496831
44335177
120873942
14353202
2261808925
386788466
251716551
19608297
153629442
42074231
2596143056
17494010
305133386
182503471
472385266
480220551
57841792
385473825
78523300
16817883
354076699
16550433
122216533
78259714
32117870
2511477648
440662588
33235771
49698134
457984599
1321799126
875607744
25084916
15900167
1626294277
599434138
1960283150
1606048885
2587444000
95151029
27131277
3873936134
17003765
235833507
333888813
542819818
2748001296
897643243
56768257
1863807403
729676086632656900
15361389
118845216
82978967
28349128
724223456
2871367661
217546128
2432417994
914983620
20433284
360474312
1478351612
2706009970
203083495
502281810
128555221
822517901294845953
2272856978
933798384
16298441
312887235
14521926
189917061
228515266
325652787
18510860
1852644804
24903350
250419604
16933337
73245966
371730289
74466455
136004952
78194111
34487135
166014938
1540528922
45609049
56413858
212162328
112874420
362559925
755113
19705747
469517478
726464337510981633
393145048
17158140
102446093
109065990
280412626
26548315
15852417
2818322000
783447877
14606079
366169233
18057956
449974837
30354991
187535580
91180720
18643437
17995040
41469938
255455212
5800582
17028405
1245272185
63112528
245396123
485370684
165033159
147750051
54566119
35206553
130496027
307549658
279395157
573794148
1105455990
548441834
53855453
163218185
115705413
443449421
477875139
2238552619
1012083324
430107760
180990597
1107691728
38146999
19548850
284944250
240008403
100425564
753609521738776576
51508270
14637348
71699343
255335896
2964950313
408791027
127360861
93011572
348897168
582893544
14387275
92537787
543582873
1208631468
454939382
44900754
36637698
709540733456224257
841211876776259585
1244421032
594873997
2347049341
16686144
601298466
15726324
1362191299
172858784
7589572
2158121408
10168082
235182274
21551205
1069448462
50600062
9763482
2922268330
139189823
178690996
16815644
21362105
25383000
399681579
1319755279
1605
329305268
4620451
7702542
59145346
19383279
590041928
164011139
246711127
8071902
2886864509
3044992129
1518218509
244619342
119385045
3102249168
7092102
219273338
93069110
113286385
16715398
85307509
24429991
13992132
581971753
360478965
18038269
66046590
17828988
151129779
479727198
143152227
189253902
97040343
3041818442
176329831
91882544
379226206
303048990
108632445
62710586
24733117
1698040651
714926762
1570086542
1224891816
896519521
48492831
72790206
801281178
2576534977
17159397
1373313666
2987922767
420943164
145755431
17151344
271504963
2479144839
117856865
39656682
786176419
27768807
38386328
128599569
2802545808
82664640
113422725
1499266621
886207832
204825315
228794007
19568591
115038550
2216118331
249022032
2293388834
220055314
234092394
227513889
4137001161
108710103
1520876749
535789798
1047199152
1253397445
334053327
304982427
2298564108
68469470
2716997492
3009026375
18247062
18334825
14412533
280163860
27761892
22333048
128372940
346437678
54961149
14515799
83212615
2441831348
72198806
305127184
2362619492
221378668
21465230
2375640738
43885373
597695159
129518457
60815232
2277045048
62101279
14772687
3247497561
834370320
24109979
1358062944
1587678775
124444050
322243101
302281442
17718831
1564444328
551532811
2513545184
66075817
800942537083068416
417565340
1056492074
577121968
620445782
2835962353
15108422
288513282
926620369
20543416
69523166
40246348
71706534
9629222
554540678
302111485
126560662
17229791
42663408
125851115
2407105063
2324492348
612750924
864550806749683715
2835886194
484976323
366999215
2880499907
2563734218
19607400
748137168
896048634
291960419
77613385
17347261
251060309
2382765547
244018192
15537451
132339474
2293315159
550482689
267158021
2177139587
148529707
34892616
18286505
296756458
35805725
27782837
47945492
30892248
2881657794
501558917
2780227838
21208444
465983898
28307619
348378205
211918431
2716721012
119758810
33615152
1311617778
1261249778
59471027
534362261
427650031
18993395
1641150530
2836548787
362655140
2445896892
16116288
2932917883
486760134
1631128196
615002267
129900508
2439990679
2572190766
2209145031
544758396
354254925
242714826
315328434
48504743
17224076
82941287
206166992
2919197934
377964190
62784626
2507863381
40933920
25465356
55420433
14955908
2987620812
631478663
497658491
63924218
4440347241
95888543
3260518932
994761792
254117355
26823392
437871287
24024778
257028932
61087779
34891363
476634454
1094922224
518172448
518715968
251433567
257774041
441747963
592018940
614536075
1283343108
84424885
580857186
771083455
1395988206
72073289
293912756
16380610
293809197
21544917
1222875848
1012353787
44794040
1856606750
922564729
274272590
2221394253
1258398914
1359267174
234092838
16490974
2247826947
335891957
62343852
1155660415
2513602555
2484226796
84620593
180338115
116049408
811505937911517184
3085835595
1173213746
128709479
3514240823
2692943512
2294597154
1011998636
1604444052
456901717
161040952
1642669674
581033983
3060560125
67611162
215152933
2201291034
148595282
20060293
2303491292
67237988
1732965331
543316184
1008151898
19644592
2196891614
82794341
311941597
2712259023
3507283336
1489156890
9556672
76734794
270608900
2922266132
1230694004
1690137476
364929122
1423824241
58529612
3600969798
2319121626
11856032
3193548181
262392526
10650592
37831835
834081571493785600
70024758
551397930
168841922
570290656
487600344
331313724
753805616
1701044448
383493565
15079315
760544600
26778965
2197308494
867801283
361306795
108710104
19090871
2809132018
58761257
20132853
224400256
130399083
3033103596
2386496726
13320562
4021047856
2346263246
1635979987
107155096
29498906
14378113
14957318
171826241
20776147
3147289455
2540737998
1117957238
1122192223
2302334768
1061616133
1120654448
56039856
370419168
14581421
940569967
1027468086
709969940
115754870
140414719
22771961
573028287
223841564
75142509
532921641
3385125854
25645261
1547290333
909102066
31583882
85427368
123276343
143947826
3088432587
73309943
1051396218
955602331
764579337580453888
273542042
19955482
1004031631
3301025103
240791948
603269472
374685884
309554295
2540694014
221769011
2309552653
770610080
310730506
26507585
44399838
70725281
1922866598
90741779
27849166
150035280
16615594
1422946818
2908170952
232268199
70879905
3316509245
1302010249
374712154
1259178750
19826509
26020465
450397702
2365843322
2328293677
725122123
53184267
839542686486974466
20646380
91673645
722097597129867265
272704840
94530194
26813101
215207998
256289743
2828470096
9567972
149697490
386056280
4921370495
25701904
226590250
101736447
189801036
219958269
42861755
1188085555
28427441
1034119346
2565473791
4811011050
2332880552
1886441010
4699224763
253522440
1015880222
11505772
314285408
174110843
521340458
69620713
926114798
2387327995
4144012572
2875052947
1273236014
2469504190
4706054210
827512051
36912323
2584658958
11866582
39000115
23888081
2755211481
17469492
74501824
853730755738038272
36909344
2179017132
1643909461
52289632
64506656
148800843
21059255
477764907
143915733
2980516685
34369690
17590516
3099486241
392773603
19967728
437793733
3131368200
20454941
1443609176
13524182
2857819820
2657525873
1441674679
20291704
198624698
1581241297
811972460560019456
59003
41421743
2373558938
340613443
396577487
121183700
39742346
2790183688
249855367
164122774
1483237772
138182116
1549384543
2274980110
1265459840
106353731
347917081
758543612
15446531
347627434
827503628
358545917
2718639853
586254277
2328135656
249610058
3226260414
33276161
4153417894
1561123663
4847976494
995642455
4312396755
329414795
166630377
53775273
1392236496
5135521
1462429746
2473070484
1641528168
19107878
728092664705355776
70722499
23482978
1391451
118757160
2954644933
279321785
114516774
168688901
43500474
19671932
57385931
15463671
596767263
54177550
1682155920
2975496784
75198211
17134268
61695422
1324765802
982821493
786764
274002139
357050985
1243173036
27529312
708004835652722688
2960967132
2584522964
290541197
341190477
22080646
802064401
3054761594
2224962036
1103449688
162132294
18206161
19274342
62521480
20880206
225611014
202534741
3274916077
2868663736
54403121
2722085429
20098015
873826939
790876645
1357107872
14076329
13493302
433429172
39308549
2543109397
1629554263
2926500445
71543713
4160752755
34113439
20733757
758283093904064512
864586585
1018588440
985840849
2534310320
247913809
57261575
2369947141
624556771
789614223538135041
1696506992
3163717636
1384245210
1406114868
2460216512
1099302192
22898904
34718178
55246492
1387804657
45373862
269700135
541772949
388983706
370623888
3435109216
1715549516
70853191
1481073828
2305405063
2614596584
24506246
345488279
75541946
1096488703
2615887795
2183099646
1310630059
120153772
635071641
52863923
821818580
2809525721
3040129123
374291691
1435353050
222022987
1569358788
1561145676
2220170017
5654712
81505840
393696247
2717557345
329418923
130328346
29956870
2747938309
84300530
2771259017
1249982359
1431218611
2483027698
2435429610
4690670820
54649261
66903727
984679873
2547050562
2422742947
114709222
20949503
145002782
262086581
153307097
2922928743
485762730
3354068477
15316815
790380559
1694040764
404102292
2281080026
425044984
1474329390
3960716475
3008451348
790331797
559868112
47469552
17393115
599113396
744926721942528000
32394429
154297611
566796161
8074522
2800971444
289342771
3401711
2320031040
342770193
58572021
400173475
2578922137
276063527
53269717
426802833
47475039
2809371185
4113487139
2286047670
177338667
46155808
172882258
481908807
3349705401
706821212891181056
719308390405578752
1684265582
2267323507
284083080
122396746
441431104
3198261067
20344826
3007818881
349314754
1473587414
83711042
2572442850
2795058654
3459977360
27677483
119523259
2687840425
78171181
2811559122
348224496
26578816
2312262702
190745026
47363082
610139222
507278401
50056496
40545889
596893898
251687786
1898815243
764961945560678405
133398816
40100270
204273895
3363725487
22363802
66198530
67220892
441309926
1032487710
2992751
24889586
748020092
1494667153
2279776304
16906137
968885815
2505900266
180696019
58154652
20097362
22657202
84276772
17764377
159894847
2700231747
452567800
362401254
3311908124
2893505132
858370653598216192
289407249
2789778270
1326377575
214648261
515361407
255649220
2913977684
73971750
1369807202
19346439
107002803
47438401
146613557
69394398
2675405208
26657119
462104542
20585360
263568980
4047126293
2501350286
2381667174
234270825
14717197
2272215468
2253148681
15081340
2591587895
300190134
3034728842
4333879899
17980523
596099002
17902401
3184725978
2372871345
2971444075
1102056092
2822994812
268676434
972137564
371122677
3001873245
4509233062
3073572286
2219897472
267921844
38672574
440519618
23654890
326255267
116170745
13496142
4527672513
26767066
387174019
2482956249
2918044567
1666471531
392785641
15859039
491258363
3311161484
1267909802
635608354
2573480784
2468990754
52136185
11319582
66732606
17866834
578990250
2575581534
353133059
2767466961
941520001
169531833
1730535074
2932940666
818647
3265951398
426843970
71627462
454099919
152851563
3782103554
80837321
522526329
3792290725
15750898
246394886
761568335138058240
3267953857
517095475
2696056261
607072006
2493741530
16190305
280423820
465858891
3306104649
1604931252
170719452
462636532
2555486832
1899141181
588519630
2566535282
897189992
60995003
277010123
56685329
452840418
80711620
85131054
389320269
315558358
3898598357
297066172
152797988
2960994568
262385473
826333130
1643849389
2178794346
2229044521
118756393
2365835662
17094323
43077446
201108009
446172529
71893970
125361168
2573271489
455445297
2583530442
370683495
917728100
116163714
96879935
2899704195
323215137
2939990554
13918492
2720232943
2716510981
3053013179
1618641848
28307740
2778842292
822127086194348032
713278896716832768
4459665706
1450386817
943542662
290020010
23483816
781480009
43170475
2291428702
437627672
2218939088
34351681
2933082598
65698096
3353179709
2893933908
2539414298
284969224
2237603617
197496309
2496762631
881609544
577826976
437848738
3134507540
5709522
569465428
425989199
2570701735
759191683275841540
2964970824
633017020
65120103
171968009
18342955
732980827
839176656992489472
1228066862
1628540120
54387487
192414095
3241967302
14321959
411280775
608583
1531514912
2932911644
3399981616
708291864126840832
544501937
159801613
54972104
15993167
1403352685
1099999591
874916178
768401279831904257
17564591
1596939138
3289346034
2308939452
313038011
600434080
3309704524
1113388932
1569510908
4659088213
60395840
3239245499
627905517
2909536381
27187343
2693796902
279611239
124844490
19624913
2893662318
7206162
325260518
19302184
105442995
299780743
1385526308
237135272
352129069
133938408
806043
17872077
69290230
717922380002123776
48371942
217196502
556424127
241204643
839148522
328360566
373993596
3325742521
607685397
114759580
2872529171
14790524
16582578
2800436557
28049003
519929459
1436064884
2339789275
164557288
607727322
45413261
1977141019
739090381401382912
623253830
122533830
28576135
36724576
245784511
119105689
2613143381
803694179079458816
736101479715614720
2729591202
2279528208
133400709
141627220
16244449
471875378
975126066
246103
338319040
266041387
197264075
464361335
1156489574
736616562396794880
2229917918
20472641
3013599710
32871086
216607018
403958610
3004605863
53964590
23894637
4055946196
257104223
335455570
1017515348
44617116
1103838438
222881714
2359832870
3189086690
327010453
17839398
561890956
155784594
16160352
2786660319
2611260818
2808508957
35277803
282154125
1136574486
3088405732
8892822
3409831509
15824288
2180158081
262872637
735314581
415445815
2395044648
772581732
1689951668
19084896
42302742
191116947
771450531386630144
2650603803
777301442
21268897
23831682
2449601442
739518786835906561
145031906
145991905
94758424
3272313104
702640558594985989
825670395714007041
2902033120
4870339624
71462670
3928196296
255505370
14945261
4727511950
247334603
2653356258
3365641634
2477214584
9402812
564111558
15934076
348013440
396353936
17595596
2723451553
2911323440
755152143141703681
219940006
110575285
730137912784756736
259356367
786086268
51864727
491091877
2809339546
368925921
177727704
259725229
3193891590
2920392169
20400862
4064818481
3168944182
116502459
135740275
4100391622
1520429624
2568808680
171598736
3899242634
45075214
2758722299
106534143
3306341327
2437655180
821811651393495040
2214392502
2271865489
2224039734
260523318
851176836876820480
3245527202
2701907004
3024453651
244877608
2800581040
18937505
2798741432
892792496
776198324747575297
16467567
121502387
4324213336
3099748102
34094623
23028288
2334661493
63591116
136135705
748458950467547136
753816468
894537902
709917032016441345
1333467482
15130854
2421067430
282695161
3099613624
261749735
21713274
2944437138
14940354
4797361833
25980053
20973388
1319747726
885733974
19266754
3097976235
1032276367
3125581648
4267226008
622123
4159010898
131526042
2809411204
3378228717
96941094
1447719710
24165761
2911586964
3218131605
598362722
836072808509755392
2527446426
3349616895
48169084
738080573365702657
715339913516883969
735716539
2415156812
210805091
2480358777
2463803701
30690661
872591509
20012063
2231296237
21316253
30942099
2543705066
985204914
7429102
2818837680
18678924
2590528932
242739974
396957509
569814186
718720039994568704
15464697
232113528
16293020
231335961
2305150285
40813666
3739891106
2370161756
1115440213
824797212425191425
423490913
2660070536
2771534357
374526155
20744708
3185471106
2859453478
31508022
14247236
756783281824079872
3102503535
724475700
2846245221
2966481251
2889924959
714482171097059331
873556198959620097
731531416530497537
13265132
63073975
810590628727914496
80197195
51084686
1463665614
719721057750351872
1430981016
17366486
2316383071
2845524491
2437697052
3275621442
227649359
2865481067
1537366034
2376085272
4091551984
353990363
533959556
3231956258
62512359
492833134
21021326
258583551
101494182
43998710
37590426
2970833694
18132494
3286004797
32513967
985684374
141303134
904918116
186931935
109458204
393594486
372433285
4687623691
1301761278
4277089462
16948493
59405213
419538326
3395913520
2208396582
55073162
1484891485
175378976
152656121
749610950
861929232
2636295668
3314121438
19119809
24112747
118143361
3066787711
1694219437
371678594
3223426134
2316144061
292929271
225265639
281199878
1177582994
2952458132
2545929411
3696762615
604360798
17243913
16473789
2580393118
31578131
1951786886
320846390
2950415852
195271137
501810186
342881789
2396685889
2868194670
717743780070182916
104574264
3015031480
4099171
2949561072
169701730
640893
1882732321
392469861
3249921572
320746576
2610406242
170396389
869875390465982465
2768245779
137538556
129235890
461688027
4808588599
3168074955
2936637238
108465379
954124423
2610053203
3643946892
142967235
42455153
605878151
91182615
7850072
1413677126
17165565
76119597
95092020
139909832
14190948
924066169
731132367058968576
2361800418
179891691
579603629
613549094
845743333
54300306
2428776326
1024251799
2664640382
3154234880
18838558
2578774956
778393933944541185
959880348
56510427
753392632580153348
365603329
14996251
31634255
3402282304
3053275452
320944687
800545605810470913
592730371
334984455
111401175
22763833
800520330
120150286
3092443319
2188934334
1730308896
457981102
631582012
143377881
16313592
309048061
223777640
787709936
1965843943
167025026
51266095
2284802828
65736270
611384173
1592327701
105328660
1697293340
384825328
35837162
1102932595
14287830
48956231
4719978802
176418153
57502510
3327558615
86577087
47448886
168237054
19152541
3021154405
227480273
1884046142
274891222
354653518
1244357988
46020520
48149362
3303212552
46822091
604351448
2974432168
4153985897
111225697
99536170
706816806
292605204
3016312933
726063372
301885510
177584156
1286312880
2848807266
16894445
3077917704
13000872
373564351
563113842
4374258373
37387336
1376775152
221514807
3081806154
413274241
2786792528
33718836
1317821952
130995068
1056126391
1915484676
809887021
962704140
534619382
2249609996
294282936
1280739612
19530289
1379288282
94543804
739836760948117504
124598995
7833422
32025500
3239535380
21209087
1355741
16002085
500497164
2370909344
135288093
352548417
41298605
3639294318
1895278116
2863996955
806016300
443164352
60520655
141386490
49883265
147622355
79053251
2304519302
562271846
4211130257
15896162
2422665828
25531164
250166431
502879314
23645988
133358416
73251301
453895560
302458923
1070726666
2739869756
600402341
782961722
833612154
23632910
149249831
44128979
1028864341
331587927
2350727587
74930757
57333521
11666142
179732982
519706573
4332504814
126966274
37653495
1385216851
3522129133
464357983
47275328
4185217985
4043279416
44000905
516667111
33773592
107144205
347133
1631073337
247991691
23762505
2870466990
2297201605
102770148
2195241
262836675
430048955
2801465651
260170670
3120869442
27179932
16967612
1966921812
19375314
82689705
4880773373
18382184
3806553495
116227294
1195300010
2826946435
16848539
803874290
45250653
205258531
785319510773338113
4919695943
19920001
2880182134
50735431
1917257256
962463570
1658482003
33705556
1012230343
16265742
24928809
51207002
3419122695
570694159
571637861
626916467
837827048911618053
393190233
186667011
2810068460
2983827689
346353711
119099353
16347112
180306960
428445647
740148150
16334139
72663331
838682996
4883434977
21391306
851197625713995776
1861528202
32858804
341274196
4102376488
237872146
252531143
726562491380076544
1178099359
2155789286
1675471921
2437124384
3280180316
579497270
804866931857584128
2264571658
3300628480
18082945
337562055
449237769
57162282
47281118
4719343816
19795386
572826566
814684244551331841
2681213905
472132412
15520253
1564878702
67728650
2914965395
3042477100
45671898
1921085322
1292775426
630128702
293131808
2351600765
936695288
15085498
16710420
207038648
2711220810
4023423251
110326494
11744152
622868850
2780215928
3318721967
257517997
535534950
377754433
740494816300150784
228951426
2990611686
600591467
3309351015
246639380
350020705
84076180
345242471
69777477
95507072
16041234
22666390
2895804259
538828543
855680342
14085099
3024524488
2960044574
223913550
1397342508
226229269
20576735
811350
106081433
1594757053
18464266
526256506
44388979
1851083557
28395645
43910797
228713457
587618115
94806131
1391361674
81482674
388521369
852434642041004032
3580248555
3177224089
1445334056
21344507
2448198912
36252186
2756720878
9616062
140011683
193808486
4717892303
397350969
245778725
27000730
3021318937
2166683611
409941587
821599693
19638752
3254092730
1473339486
2553930900
613209839
21677316
35890043
54054242
487844013
40684090
782394836
712065764749144065
15119140
36278714
1630717304
158434813
869413422
26900055
52255083
618975778
2377837022
328175351
248735463
1164367742
845437745485021184
59157475
450941680
619617237
2754802665
3114455523
527458797
380285402
1242592926
31269766
2657813335
710239445987950592
22956220
122145495
737709376446836736
773728559127035904
776112300
21844854
1586431392
2316079183
3528286580
33823226
1967216306
57606154
823367015830323201
41859939
443668407
492919751
186949520
19588385
3290037651
17112878
29125761
266946216
263794947
4398626122
25155337
630328967
4224729994
2328759382
393453224
3389683677
404793954
724356072140607488
55118656
16329426
309801181
192547775
2195916883
414946220
83002087
797979956823343104
29465136
15576928
809484772728770560
584068651
154429709
3092194948
69629046
147969023
3457158493
604940737
57917716
115887279
47633485
1240672056
588587397
528583034
33517296
325385270
354522431
180372092
33915298
476578025
250737265
3397258065
2467992500
1347971539
14897840
381947244
2191259876
19788277
167421762
1531087296
21212087
4254935961
43579706
412397139
2924593731
1420854660
800520553937240064
710450805745147904
1002124170
71048726
16464746
2809236739
3397123503
23489273
2253791833
79692602
85500446
810661662319636480
2998864022
3507470592
822312676143415298
292083207
15032862
865913929880530945
27821859
774370654737031169
399472670
239076348
3069192917
2983964983
767
2607361068
3677742792
820354372827758592
4319023819
384307667
1634005880
885240410850947072
35459949
4118844553
3120467488
168850629
1623734144
2429065184
400334965
63227257
232633960
4745746336
2305018950
41618679
756278
28351525
198139239
148425368
3244043139
15976705
23675921
15862440
2431144848
15162136
1925368664
2314942359
17394793
147725246
553713584
42950930
337224983
1383272101
587034946
1212105031
262611171
3284112337
485801262
21636767
107172099
4429003533
1572457640
374138602
28185163
2485811094
14416124
4642092682
79743108
3148794044
548249562
2576486262
3537347422
423142424
109025212
218325695
3319712885
50118140
22365410
393722870
465329295
119606058
356464011
1131407466
4126501
14777649
603589897
239585441
72034591
791426625464250369
360227121
126383762
180560224
273283549
1678576813
785739140
488663469
233842454
4248789502
3172788553
797877937336975362
14346303
2395668313
710990834972233728
14345759
190811140
43864127
226320142
588191994
81202321
44623555
451805936
328805183
796227961875787780
4898187935
850571065591975937
329999540
521784036
22147031
31022663
207034085
108656237
725842497553879041
3381174801
237367928
864339338
821782476515409920
294260238
184612217
31432267
2877544895
121597316
53313935
1381926373
21885474
53977189
87586196
1330124042
14202817
718220782
1971719910
18145853
2460571188
447220809
80366372
34775386
1715202757
3182488902
2584242516
429799079
4493348365
1255321488
2903197043
3291921885
127156294
119002665
25443684
2848089200
743121863962923008
300650667
149281495
49012699
711628067
4320346274
479328765
1615420753
2161747653
406440494
633144874
4707522746
123929145
14204133
2735383877
15501305
16081037
718434411222446081
419638586
2944464360
261481937
1535742139
2547233548
1239447194
3827942476
330764460
79023275
70582223
38055815
2575873998
17736137
48027925
1410380994
31138604
1528281074
382831160
46172768
2528507431
14401607
381515624
56836114
454559029
1677028704
329971323
738538436
23083434
16963843
4921315156
324582803
48383289
2943648028
2868993341
392951534
2313784543
925457341
1149451200
2915253371
5668942
613257429
3498448812
85745429
3921716413
1099445934
3434084673
2927879268
455288410
10207502
1136829066
1624707968
69004966
2349687296
2272778493
137954574
18423448
461853598
14073022
282668705
554209134
737842344
42995067
797201132158189568
45499837
546332225
263395732
14361260
14155907
17812282
1905239816
60348900
2955906189
2741758937
38580910
2841131745
775785228
2182353464
269713045
3006989562
790540521437556736
268485186
328914978
26664274
848230608983568384
761749844390273024
748259155849416706
76913673
57600343
844559871588622337
3293118434
4001692204
931286316
2964005969
3337897846
241201438
133778966
4699991601
23536653
270430076
448115272
247756220
34188939
128829414
22460955
399501454
590316679
324253718
3312093724
284730971
47455112
2532821389
114075048
777630720671948800
790324310594519040
14693499
942156122
207701117
2929506926
50069007
1016786527
587854860
45607170
257474300
2967638493
805798520
1583812734
61371461
885495090
18089606
19273104
227785724
21313053
3267440372
598524600
303150791
1003722068
258356662
1711475467
3873965293
137656171
37372338
1306111422
36198161
865940200073113600
2892882150
61322443
17368405
958683282
1908629502
570514471
18895192
814121478
1324751142
333235713
4799831909
3704528773
25694156
124374215
29180241
3022045469
114707587
1053536196
14612713
141388381
355696940
796353395649028100
4761064634
59327523
48435483
1252464876
255137978
132166240
490799497
815416263786668032
2493427621
4354647083
448562247
951833706
402181679
4187904732
1405220132
1297002756
65466158
780852084
17896311
70163548
481132718
4569695633
83663427
3479742436
36201151
331625215
883359647398322177
167242571
116754180
380660175
14111650
47618120
1957774470
135820654
18956073
160321307
794838544309256192
773065675841609728
246596682
879916088317947904
21279256
40130991
3086855485
2277762409
3173546142
2196201139
478855762
121489431
53358442
232172633
2206509814
930805326
347940973
20687096
2355489499
2785620824
15077795
47685065
3305153272
9334352
201875162
14844867
2484968445
90682997
310792594
1629234236
889673749
2655220759
3501156454
1160690125
281247895
18444530
2315834778
2316003960
17387823
4280556993
3067593962
4446620242
97896956
2567025842
16469116
531322850
500436115
2211722791
65512738
148137271
389320918
164716956
2446966074
1705958971
40812583
793311234129100800
1495302475
2245628238
3165380559
16199936
790735038
88950376
455413031
34288864
847781739313459201
24383226
177335809
44054652
2364388706
2354503127
2286161232
771325591
12612432
1194582374
2974886607
586749256
511979497
240805934
707768395840757760
34994415
720448293533310977
2984369510
27967526
115604864
200400348
7379442
15108530
264240035
731128548702834688
49856952
109009420
3576743898
3233142023
2844153214
1405565462
3168458554
1140451
1640929196
375662595
24815314
2357916549
2536125951
60843563
2594590448
3283403658
113506417
33529092
1337271
3287832937
16650023
102717368
15893354
131731179
781293
851254111
33515703
497753243
3116456960
847933537684783111
823305523
165616919
849642215664230400
161629180
358734729
2867640881
1360098198
2289925980
1666293162
268556198
43105334
19731326
185508889
209176493
721194269470498816
68164526
992983208
93139731
54346649
740017128405749760
114965221
479315245
1707966096
259001548
1217017676
4306715188
3311052995
767813317
449189610
384572495
85583894
361301678
889191785376997376
2573138601
547365453
134661364
17158189
123327472
1636162830
2181109830
1560982748
1676357544
729656020222550017
860232874930339843
731930096
1289935009
249643872
34887302
38830101
2827785023
541039393
2334163761
119972954
2612080596
378832070
26580506
2895040777
1611438684
2649992983
553396754
4885468334
248618354
2465424080
7855062
3241275268
3434742497
137751405
755835576
824437258941980672
2919558187
124232296
120737021
229623231
16024323
3034492125
3065001398
40461089
3505441818
1937140903
46149641
108772769
116341480
135536658
823693635564802048
392608775
594181014
46775436
245763538
1393572764
4165642155
226794687
379869831
16326882
339971588
1676691798
317652807
327550098
734102749
214622133
1370971824
4289460455
78016089
731271962866110464
149383323
242836537
14304170
914455110
74924009
121540651
4860427770
83112392
1371718832
14808307
746387674286559232
1618754714
1317901645
2983768789
275276082
714742584544010244
4510755552
75528474
256560107
459872442
253311947
274295589
1358254897
281599766
241007239
733587458
45038024
309705905
543844884
349803020
512259903
2340843427
2882562277
2917972980
2352171875
3399299419
142473267
231654644
127671275
3116675864
943843464
34979543
62423267
206287990
952609861
975921295
756115064
351861559
472587261
580312540
2557446343
2579709127
16193222
715044396
765136245265694720
1326410052
23764675
324028201
173890260
3494104341
3293406121
187626912
15063486
487007851
2192209131
2977123110
28390516
115621365
1871731944
3911239745
45872619
52242024
274355847
2583277675
93111391
37646159
1549275156
82410974
30488144
143637011
332598424
42205837
1944994734
994579532
1299363006
810610827132882948
105382622
3190388565
17055388
59863180
2365961882
1483785276
443529647
2577495684
103091394
963840398
418730092
143104075
255529291
631219619
182434404
190589983
28171788
1836485618
25700429
131060738
3322506742
2857226080
2890400179
243173367
795071743
4527987340
129880735
18952476
3826031957
3363188475
733670218606710785
3159934860
527086482
251634768
211267402
393469195
738588659176210433
80047141
19988458
305111209
111413373
195329879
115135482
554966212
39279821
38751529
823780559486742529
106182754
1954402777
313024334
21159148
30272162
2283706789
27793335
25735151
1567081621
4925247503
75797367
2315376242
2925807244
205887871
48601375
822349303972843520
29826561
567413347
3282622268
228172367
274316654
2370627199
296459271
731192188437073922
2731361813
40705626
17152685
386915587
4052027960
46503479
125453969
349814181
2921042743
536850877
1040509760
4561395380
3141672447
112465688
18989002
15956067
2606047868
1480917637
2209742392
58898772
311623066
104627279
236854083
272114651
21363471
28162211
54617733
263371173
67434744
1588169419
24987045
27995424
111354854
3231973034
355591226
18294521
777979003160305664
403020498
249715198
2797207663
477007696
363284850
5765452
125925597
2481947221
188765682
25375836
313879167
1432957410
38228095
84830575
703829852
3497941
19240249
207414746
46822887
121598314
836378271474413568
797080559839309824
537645111
75038032
362689973
23978727
15483390
21044127
338670623
223779517
4583331132
18497097
1521348949
73752969
2887701519
23948496
377940503
2896052759
52205435
15515169
558866314
274976650
54703936
507097878
485209031
2859154649
2613992689
39176902
628989586
324540261
3911698035
765905855195803648
212973087
176754253
2835655946
542194146
82014799
1139982265
17602262
2986879072
15669034
373432520
2474515807
862681
33271629
9509672
2285840166
19040598
230940060
821511862881845248
239509917
55948054
14626334
3290570421
2895296804
4917092018
511040233
171679818
16453340
2417894114
5336752
21252618
267915933
3269020218
753294126
208545538
575569816
2532884354
2358111446
278404189
3191916761
810619093749559296
873663649
4668460952
3272548345
183767243
711749959
23559248
208397722
228872611
159088664
885459417323495425
23819304
529009225
27792033
519687698
3914047581
526889991
15649438
96150715
64821387
49539854
2897609151
16616067
102434093
181836968
3161509231
15335534
3472067174
1628700679
20252482
15682352
709117160
731007289985880064
472923501
719647968249409536
2796323690
231809215
721826939707596801
631443782
20923479
883421409619390464
971053291
1327639712
2996747344
47064378
283422383
167604665
870188817537355776
18655567
727706707347046401
139747863
186113747
49486443
56627441
1649603666
337251957
3069645028
336145593
789588891737190400
184139015
4288756152
15952856
1329955902
21879831
16513335
118163698
413916151
27384718
39114090
459390022
481198879
8805142
15785068
1643215339
36047098
2845681325
730510490
1407822289
208872112
1451321868
714781116
16892481
20085289
2319472112
95871559
904421940
245326395
28814582
2735475987
4716970608
17241998
570042654
234446391
757884483454369792
41609235
196734138
3379737905
710579875
3310110645
496360793
2229610621
16582131
29394186
2328421
303361737
260615063
16006592
1037101034
282545479
4417482983
1476215545
289885144
145385067
2599945230
139592800
1431569186
66782978
350717059
2363376398
3273722328
31510642
113934335
389614503
1472653044
5820642
52545554
2938532482
19211550
3166838677
1043105047
1887752557
240107748
97576151
257164704
858720042938249216
200907097
165944767
1674254432
834466861
17157736
714268044479098880
4875474142
43412697
15102849
40673794
32775512
3154197913
176863974
3055067011
791077327
709847407224344576
738061813401722880
65937068
525595860
3068874637
17741799
407416855
44390131
2177957640
779063896724439040
125408809
483318597
103678753
67138910
115532094
139847909
4427819899
15914986
223338568
266929200
546274997
107013174
27962384
456897775
100472536
2508497589
154185013
1330955659
489475164
1867798880
3289903687
264138770
19166519
2330680705
742290191029788672
627722243
177624791
65512969
61788692
3004021158
250235606
119121398
149685915
47036963
4388389636
3245246252
2678173099
1458096540
818928162449068032
10855272
17642747
277464874
295247949
2445671278
3169432531
461930439
17171111
236457592
21696279
746950860
41140413
736460000
264350749
4903127832
89551657
24478346
164898058
291593872
80117154
15907183
2944199913
716746566946725888
73829621
49043438
1053619261
138393880
7385622
2701693059
26622556
956068764
3284901270
42813442
17292498
2479087773
1508647226
17635904
3189001238
109351866
3029062762
2545202754
402690551
942029191
3141324755
248269774
546959906
8983922
48011984
3862965213
2649832568
224285242
2809006311
205644304
2327807249
17281876
16595213
4659279434
312937732
19805496
2997795228
764697319631622144
505399933
354993695
16241824
1969053690
80152429
350961525
2258076224
26636629
774667629055410176
233557996
61480826
733170759829327874
4855035995
2522799710
1253200153
628134137
350593129
34568952
110903006
15792387
306988337
458844588
26029878
812539081
15650882
748900772348211200
275580679
61451881
5691492
2463131406
115308684
1081274437
83959481
14859899
3290860673
4322541929
1767741
1489030183
17468528
366093139
538339179
777952983149600768
23141473
770352762
877960820
188934723
2499939736
18200926
106231214
3731710032
2400284491
166345081
2182411991
330445280
388895171
23783028
14369768
4005346611
49560239
22143372
61867140
2479008908
335137719
863948963229126657
1017637447
15483453
19088288
2194173482
69833274
111685138
44279901
27016644
796134059781095425
1910771
23324892
2351984322
23659017
247981000
23527505
2283693149
777150946912722945
14049120
372372537
2854764770
2868779870
1123845654
58492450
735023984
284642280
48525470
291249899
809705011504697346
267210361
37787568
2469796069
443802049
381903860
1850680093
2881377238
2827082240
17672825
2225549726
2984303878
339070755
18421606
491461409
1452635208
2584341939
3864256214
706413446498164737
19847765
21236215
976923020
2962411893
11621822
2738104934
1055958955
364928383
2989121887
728337313411923969
62929128
16334281
855998808626532353
2424264666
16497947
3115488447
813498406706577409
2243936017
375549336
355592317
2386350236
2964623447
848101465
49190580
1282415526
41908847
20640996
238776270
4549734742
3322353416
707948410654089216
2787010574
1138
3326982592
1310695374
16302129
14146966
577992799
276078783
2315590381
19945609
38745861
379286641
14326874
1423830522
71383364
56703325
2822380916
2319339266
42176166
14162415
19580890
23465125
3199302983
82655893
2996801
402181258
4319087895
16442379
2285692231
4894116399
3917273299
71640497
3114427119
28880710
2812883862
2533338366
28619103
274179836
21517481
761676404
752864551041961984
3160789378
2757591402
349780099
1436842057
104198706
707798485
394031689
3320993193
1639499521
527803435
239113453
727165841356238849
973079670
950531
20493439
853365523144478720
21468671
3806112381
2856561182
1973402894
216108231
885608499048263681
197379897
29548378
2721838961
18063173
872789521
2231552748
319769408
2267984659
24490456
226525527
85469815
560820176
555103278
8083452
16742912
59067898
22400230
68752979
45882011
606800134
1849938847
3183057362
4624528576
29995782
4517565515
806579094729224192
1216789842
272355002
1234399411
831883452072992772
24399936
2154365601
19173787
988858957
2475105609
412753721
3385397908
771529979846766592
45836317
16788263
68810082
4599112394
18244206
10145862
824135382203854851
504154571
1683287516
1666804076
1421144298
2523606684
343800462
53211234
21733692
1911952410
138845522
189968765
751363544
1585589059
853805040187961348
389421634
3995778614
81136269
310405424
232316132
55953713
3258119269
7786612
20605217
301212934
165630255
3159176790
2431835749
733677415
109930762
72449675
4138211777
3117314104
131665332
2204955998
286998245
76035930
160244513
3464673263
749257528849170432
16787084
2352994085
889758318
74964902
433715354
549299261
3087400007
211410916
192814675
35606154
748024366118600704
394724132
206907041
1458692960
226334784
1421721
1729602619
202300599
3046873623
202813795
32496789
22429979
372483103
3297574009
540823881
1229132286
2285859751
244844283
7848802
1557244070
252359076
40079154
14268812
1685050800
95094897
2223157392
344566112
347611867
16880800
197727623
2886597638
16906660
19416225
14563376
408902268
115557718
311397912
633913281
1438892436
2165566915
33502398
2507801866
313162621
38285308
2278822326
701431606922375169
800712602238132228
714346772622151680
737389968
78434528
1458487634
580997146
109047204
15359578
909046885
16944165
41465928
34792486
3026780664
92742473
298559705
858924511
2224195778
80454912
853256333931544577
174801117
49956788
33252973
107734790
2362829275
97818332
13039372
3160414975
115057872
39334221
45450902
27285798
2904511652
287483881
286613468
245969696
113050169
34280715
2743345150
139897603
871473776172707841
20833365
7019512
2334026633
12616
15816595
43334982
853187771476955136
354248645
2352127231
15009049
894748894789115907
2514402296
17919393
21492737
476315898
496832339
932192869
3711628096
634450003
108713959
3122888004
354004333
4039993033
1419253442
346685884
853377089181020160
3284408448
3856857198
202167339
204626870
736959136164806657
425018623
460012924
180810321
26035722
2168281285
2315775968
2729275633
1551966386
106204123
3350511521
2468673907
780687702
195903246
156306739
3892952488
87359651
4105765714
410345806
18129736
4670619194
386182764
823147573305348096
789589934244061184
17741758
3099934529
16102671
4030874180
3052700140
69070522
377837520